   6.0765117622593692e-02
   9.6019101208484808e-02
   1.2388525178385840e-01
   1.4951841173752009e-01
   1.8415961275497841e-01
   2.1745250282611220e-01
   2.2509961608986981e-01
   2.1979547690029930e-01
   2.0746956983709261e-01
   1.8899964776630160e-01
   1.6327225321537259e-01
   1.2767824800381861e-01
   7.7118459157893116e-02
   9.6019101208485516e-02
   2.0005895333679830e-01
   3.3855925919517660e-01
   3.9343000246478060e-01
   4.0402238924615408e-01
   4.1223295378430919e-01
   4.1004800915455542e-01
   3.9491516371899682e-01
   3.6978732647912321e-01
   3.3401826235923998e-01
   2.8503978066633823e-01
   2.1842600324786710e-01
   1.2711211563509570e-01
   1.2388525178386110e-01
   3.3855925919518193e-01
   7.1192851627664755e-01
   8.1757128617564279e-01
   6.8362541165781054e-01
   5.7794524198311570e-01
   5.5556159561368967e-01
   5.2851815617367193e-01
   4.9143970284922400e-01
   4.4093674948532818e-01
   3.7300600820607721e-01
   2.8216949833952137e-01
   1.6101767338577391e-01
   1.4951841173752570e-01
   3.9343000246479293e-01
   8.1757128617565622e-01
   9.4391546255276526e-01
   8.0159041150951282e-01
   6.8596837492540241e-01
   6.5612353669605994e-01
   6.2131972018673154e-01
   5.7536113150000490e-01
   5.1400917545268232e-01
   4.3253255063541651e-01
   3.2483151489154821e-01
   1.8346004127300861e-01
   1.8415961275499171e-01
   4.0402238924618322e-01
   6.8362541165784385e-01
   8.0159041150953958e-01
   7.8701195611449770e-01
   7.3731083313958079e-01
   7.1165588780704625e-01
   6.7451790490942831e-01
   6.2353005741569167e-01
   5.5593327040459350e-01
   4.6703049944741781e-01
   3.4998091438110002e-01
   1.9688263746293999e-01
   2.1745250282612530e-01
   4.1223295378434038e-01
   5.7794524198315655e-01
   6.8596837492543716e-01
   7.3731083313960633e-01
   7.4588119831782462e-01
   7.2789680224065589e-01
   6.9047935353577505e-01
   6.3691764527102879e-01
   5.6774436937432149e-01
   4.7847387648658668e-01
   3.6021906328232622e-01
   2.0317920547373250e-01
   2.2509961608988180e-01
   4.1004800915457867e-01
   5.5556159561371365e-01
   6.5612353669609380e-01
   7.1165588780707145e-01
   7.2789680224065700e-01
   7.1219286786701874e-01
   6.7121873914287289e-01
   6.1391577755914917e-01
   5.4782516652953805e-01
   4.6771226875990313e-01
   3.5876549110008482e-01
   2.0507342916759180e-01
   2.1979547690030940e-01
   3.9491516371901569e-01
   5.2851815617369113e-01
   6.2131972018674708e-01
   6.7451790490944075e-01
   6.9047935353578604e-01
   6.7121873914287866e-01
   6.1784082893595138e-01
   5.4536050272378833e-01
   4.8957596649090901e-01
   4.3417168810612777e-01
   3.5343899747794560e-01
   2.0832274969613471e-01
   2.0746956983709899e-01
   3.6978732647913659e-01
   4.9143970284924121e-01
   5.7536113150002033e-01
   6.2353005741570167e-01
   6.3691764527104966e-01
   6.1391577755915794e-01
   5.4536050272379355e-01
   4.3366049296128512e-01
   4.1096417430193122e-01
   3.8818647901112452e-01
   3.6426400901825923e-01
   2.1795999092801449e-01
   1.8899964776630110e-01
   3.3401826235924609e-01
   4.4093674948533812e-01
   5.1400917545269431e-01
   5.5593327040459695e-01
   5.6774436937433037e-01
   5.4782516652954527e-01
   4.8957596649089818e-01
   4.1096417430191712e-01
   3.9572726028433802e-01
   3.7789493220047338e-01
   3.5962682718571243e-01
   2.1912502689489480e-01
   1.6327225321536831e-01
   2.8503978066633251e-01
   3.7300600820608099e-01
   4.3253255063542068e-01
   4.6703049944743152e-01
   4.7847387648660228e-01
   4.6771226875990413e-01
   4.3417168810610551e-01
   3.8818647901109898e-01
   3.7789493220046022e-01
   3.6333625671873637e-01
   3.4644572619053993e-01
   2.0963623213656549e-01
   1.2767824800381480e-01
   2.1842600324786340e-01
   2.8216949833952520e-01
   3.2483151489155349e-01
   3.4998091438110968e-01
   3.6021906328233327e-01
   3.5876549110007988e-01
   3.5343899747792679e-01
   3.6426400901822831e-01
   3.5962682718569000e-01
   3.4644572619052949e-01
   3.2607289534246431e-01
   1.8067059535539401e-01
   7.7118459157892436e-02
   1.2711211563509631e-01
   1.6101767338577569e-01
   1.8346004127301441e-01
   1.9688263746294429e-01
   2.0317920547373541e-01
   2.0507342916758850e-01
   2.0832274969612449e-01
   2.1795999092799981e-01
   2.1912502689488220e-01
   2.0963623213655511e-01
   1.8067059535538871e-01
   1.0679655500100130e-01
